1.701000
0.695815
0.944230
1.605620
0.336406
0.086311
2.519665
0.468625
0.322543
4.649006
0.900351
0.802871
17.234857
1.104404
1.054305
23.166212
2.015485
1.831139
14.520295
3.346584
3.035383
8.217820
2.243997
2.500012
6.932791
0.101529
0.019332
2.970336
0.026140
0.013515
3.870621
0.579799
0.231133
4.515757
0.995161
0.936093
20.900835
2.181063
1.659203
62.123321
3.467255
3.698864
0.217121
0.011426
0.008469
0.507047
0.015900
0.011580
0.529016
0.028174
0.015605
1.064103
0.059453
0.033461
2.155568
0.149141
0.095045
4.270545
0.415991
0.341038
12.206410
2.466900
2.028596
7.890342
2.089064
2.875757
7.842153
2.223801
2.123968
11.530479
2.111942
2.118620
17.599917
2.646922
2.239555
15.195621
2.632080
1.978803
42.098336
5.497181
3.342417
60.755653
9.759661
7.230218
0.119639
0.010740
0.008413
0.271280
0.015724
0.010985
0.511056
0.027256
0.014338
1.042146
0.056120
0.032675
2.026282
0.134512
0.093241
4.419159
0.401487
0.332349
9.436771
2.446795
1.925128
