3.057878
1.064862
0.456955
2.295229
0.040410
0.012721
2.927900
0.863475
1.138833
8.680975
1.903042
1.251081
39.542216
2.351951
1.663662
50.073349
3.603152
2.303629
92.386556
10.280254
6.250656
2.931893
1.354602
1.103017
5.651028
1.514916
1.375319
3.165649
0.071625
0.017993
9.074750
1.965520
1.746401
12.954877
2.392747
0.385373
23.067533
4.232443
2.046091
79.535471
3.736531
1.386760
9.433872
0.956163
1.566807
7.884731
2.877480
2.084957
19.046173
4.009186
2.151953
17.812206
1.538108
0.839302
19.872219
2.971131
2.097135
36.766832
3.621416
2.606466
98.351718
10.724475
5.127501
0.285129
0.052120
0.139681
6.486248
1.685670
1.559874
7.948272
2.121576
1.467092
9.171445
1.750163
0.718680
45.410623
1.567452
1.155380
38.002046
0.733532
0.317383
16.332905
2.051744
1.286256
2.195802
0.024609
0.011734
5.990357
0.059624
0.013377
7.391745
0.406555
0.017298
4.471646
2.120981
0.034254
8.107967
2.256548
0.144594
24.552328
1.563475
0.632343
83.408538
4.874830
2.707187
