1.222040
0.029221
0.018214
1.504421
0.293883
0.032284
3.201735
0.876203
0.624688
3.713073
0.113484
0.035965
26.984518
1.920752
0.241256
22.937336
0.994742
0.851541
37.852061
5.046260
4.810926
10.683828
3.118377
2.399272
2.833531
0.040151
0.019030
4.469773
2.296928
0.278317
8.735010
0.326083
2.058238
30.466368
3.138525
0.164368
65.780292
4.176549
2.727672
106.481912
5.528664
3.748739
0.415458
0.059541
0.171965
0.763747
0.152718
0.167631
3.326174
1.052013
0.023613
6.228680
1.462854
1.251042
13.751510
1.795416
1.194906
26.003923
3.850713
2.250105
83.769697
6.610446
4.134387
22.765154
3.943466
2.783127
24.159924
4.141992
2.588014
30.973428
4.038982
3.563108
37.398112
4.612711
3.159953
73.694619
3.416018
2.376113
81.668934
7.288365
3.565614
205.301135
14.939696
7.780160
0.774980
0.325929
0.212266
2.365616
0.040911
0.022725
7.103369
2.372217
0.141533
4.115091
0.281185
0.040016
25.270248
3.054542
0.585939
20.057281
1.268386
0.395208
37.101422
5.391325
3.131630
