5.852870
1.440047
1.481544
7.182312
0.685433
0.018804
3.776395
1.019973
0.991953
5.159758
1.060993
0.656470
7.925052
1.469067
0.888706
13.350663
0.920993
1.128194
62.147555
3.635576
2.885411
3.354519
1.280121
1.023945
2.698724
0.356024
0.019772
3.576140
1.255389
0.999558
6.052115
1.570862
1.169867
8.557873
0.346448
0.218050
21.915690
3.005790
0.700917
19.005663
3.190279
2.316923
6.342422
0.736260
1.998676
4.836149
2.047973
2.540397
17.841591
2.697295
2.407526
30.509923
0.694947
1.232020
14.490597
1.296933
1.564868
26.425006
2.657783
2.490499
104.057862
6.536225
4.960120
29.354483
5.648493
3.659967
35.287364
4.487990
3.376986
13.449671
2.695162
2.115376
14.130977
2.763044
2.318056
51.259320
4.694151
3.382069
80.554243
9.112916
4.770764
165.653459
9.246974
3.815447
3.124775
1.007721
0.748351
9.004675
1.082843
0.020421
14.222728
0.116459
0.031301
5.769890
0.203853
0.097221
9.129860
0.954249
0.151879
14.004708
1.846390
1.053524
84.478516
6.132072
3.478228
